Any
	[0,50)
		[0,10)
			[0,5)
				0
				1
				2
				3
				4
			[5,10)
				5
				6
				7
				8
				9
		[10,20)
			[10,15)
				10
				11
				12
				13
				14
			[15,20)
				15
				16
				17
				18
				19
		[20,30)
			[20,25)
				20
				21
				22
				23
				24
			[25,30)
				25
				26
				27
				28
				29
		[30,40)
			[30,35)
				30
				31
				32
				33
				34
			[35,40)
				35
				36
				37
				38
				39
		[40,50)
			[40,45)
				40
				41
				42
				43
				44
			[45,50)
				45
				46
				47
				48
				49
	[50,100)
		[50,60)
			[50,55)
				50
				51
				52
				53
				54
			[55,60)
				55
				56
				57
				58
				59
		[60,70)
			[60,65)
				60
				61
				62
				63
				64
			[65,70)
				65
				66
				67
				68
				69
		[70,80)
			[70,75)
				70
				71
				72
				73
				74
			[75,80)
				75
				76
				77
				78
				79
		[80,90)
			[80,85)
				80
				81
				82
				83
				84
			[85,90)
				85
				86
				87
				88
				89
		[90,100)
			[90,95)
				90
				91
				92
				93
				94
			[95,100)
				95
				96
				97
				98
				99