0;[0,5);[0,10);[0,50);*
1;[0,5);[0,10);[0,50);*
2;[0,5);[0,10);[0,50);*
3;[0,5);[0,10);[0,50);*
4;[0,5);[0,10);[0,50);*
5;[5,10);[0,10);[0,50);*
6;[5,10);[0,10);[0,50);*
7;[5,10);[0,10);[0,50);*
8;[5,10);[0,10);[0,50);*
9;[5,10);[0,10);[0,50);*
10;[10,15);[10,20);[0,50);*
11;[10,15);[10,20);[0,50);*
12;[10,15);[10,20);[0,50);*
13;[10,15);[10,20);[0,50);*
14;[10,15);[10,20);[0,50);*
15;[15,20);[10,20);[0,50);*
16;[15,20);[10,20);[0,50);*
17;[15,20);[10,20);[0,50);*
18;[15,20);[10,20);[0,50);*
19;[15,20);[10,20);[0,50);*
20;[20,25);[20,30);[0,50);*
21;[20,25);[20,30);[0,50);*
22;[20,25);[20,30);[0,50);*
23;[20,25);[20,30);[0,50);*
24;[20,25);[20,30);[0,50);*
25;[25,30);[20,30);[0,50);*
26;[25,30);[20,30);[0,50);*
27;[25,30);[20,30);[0,50);*
28;[25,30);[20,30);[0,50);*
29;[25,30);[20,30);[0,50);*
30;[30,35);[30,40);[0,50);*
31;[30,35);[30,40);[0,50);*
32;[30,35);[30,40);[0,50);*
33;[30,35);[30,40);[0,50);*
34;[30,35);[30,40);[0,50);*
35;[35,40);[30,40);[0,50);*
36;[35,40);[30,40);[0,50);*
37;[35,40);[30,40);[0,50);*
38;[35,40);[30,40);[0,50);*
39;[35,40);[30,40);[0,50);*
40;[40,45);[40,50);[0,50);*
41;[40,45);[40,50);[0,50);*
42;[40,45);[40,50);[0,50);*
43;[40,45);[40,50);[0,50);*
44;[40,45);[40,50);[0,50);*
45;[45,50);[40,50);[0,50);*
46;[45,50);[40,50);[0,50);*
47;[45,50);[40,50);[0,50);*
48;[45,50);[40,50);[0,50);*
49;[45,50);[40,50);[0,50);*
50;[50,55);[50,60);[50,100);*
51;[50,55);[50,60);[50,100);*
52;[50,55);[50,60);[50,100);*
53;[50,55);[50,60);[50,100);*
54;[50,55);[50,60);[50,100);*
55;[55,60);[50,60);[50,100);*
56;[55,60);[50,60);[50,100);*
57;[55,60);[50,60);[50,100);*
58;[55,60);[50,60);[50,100);*
59;[55,60);[50,60);[50,100);*
60;[60,65);[60,70);[50,100);*
61;[60,65);[60,70);[50,100);*
62;[60,65);[60,70);[50,100);*
63;[60,65);[60,70);[50,100);*
64;[60,65);[60,70);[50,100);*
65;[65,70);[60,70);[50,100);*
66;[65,70);[60,70);[50,100);*
67;[65,70);[60,70);[50,100);*
68;[65,70);[60,70);[50,100);*
69;[65,70);[60,70);[50,100);*
70;[70,75);[70,80);[50,100);*
71;[70,75);[70,80);[50,100);*
72;[70,75);[70,80);[50,100);*
73;[70,75);[70,80);[50,100);*
74;[70,75);[70,80);[50,100);*
75;[75,80);[70,80);[50,100);*
76;[75,80);[70,80);[50,100);*
77;[75,80);[70,80);[50,100);*
78;[75,80);[70,80);[50,100);*
79;[75,80);[70,80);[50,100);*
80;[80,85);[80,90);[50,100);*
81;[80,85);[80,90);[50,100);*
82;[80,85);[80,90);[50,100);*
83;[80,85);[80,90);[50,100);*
84;[80,85);[80,90);[50,100);*
85;[85,90);[80,90);[50,100);*
86;[85,90);[80,90);[50,100);*
87;[85,90);[80,90);[50,100);*
88;[85,90);[80,90);[50,100);*
89;[85,90);[80,90);[50,100);*
90;[90,95);[90,100);[50,100);*
91;[90,95);[90,100);[50,100);*
92;[90,95);[90,100);[50,100);*
93;[90,95);[90,100);[50,100);*
94;[90,95);[90,100);[50,100);*
95;[95,100);[90,100);[50,100);*
96;[95,100);[90,100);[50,100);*
97;[95,100);[90,100);[50,100);*
98;[95,100);[90,100);[50,100);*
99;[95,100);[90,100);[50,100);*