16;[10,20);[10,30);*
17;[10,20);[10,30);*
18;[10,20);[10,30);*
19;[10,20);[10,30);*
20;[20,30);[10,30);*
21;[20,30);[10,30);*
22;[20,30);[10,30);*
23;[20,30);[10,30);*
24;[20,30);[10,30);*
25;[20,30);[10,30);*
26;[20,30);[10,30);*
27;[20,30);[10,30);*
28;[20,30);[10,30);*
29;[20,30);[10,30);*
30;[30,40);[30,60);*
31;[30,40);[30,60);*
32;[30,40);[30,60);*
33;[30,40);[30,60);*
34;[30,40);[30,60);*
35;[30,40);[30,60);*
36;[30,40);[30,60);*
37;[30,40);[30,60);*
38;[30,40);[30,60);*
39;[30,40);[30,60);*
40;[40,50);[30,60);*
41;[40,50);[30,60);*
42;[40,50);[30,60);*
43;[40,50);[30,60);*
44;[40,50);[30,60);*
45;[40,50);[30,60);*
46;[40,50);[30,60);*
47;[40,50);[30,60);*
48;[40,50);[30,60);*
49;[40,50);[30,60);*
50;[50,60);[30,60);*
51;[50,60);[30,60);*
52;[50,60);[30,60);*
53;[50,60);[30,60);*
